(kicad_pcb (version 20171130) (host pcbnew "(5.0.2)-1")

  (general
    (thickness 1.6)
    (drawings 13)
    (tracks 346)
    (zones 0)
    (modules 31)
    (nets 49)
  )

  (page A4)
  (layers
    (0 F.Cu signal)
    (31 B.Cu signal)
    (32 B.Adhes user)
    (33 F.Adhes user)
    (34 B.Paste user)
    (35 F.Paste user)
    (36 B.SilkS user)
    (37 F.SilkS user)
    (38 B.Mask user)
    (39 F.Mask user)
    (40 Dwgs.User user)
    (41 Cmts.User user)
    (42 Eco1.User user)
    (43 Eco2.User user)
    (44 Edge.Cuts user)
    (45 Margin user)
    (46 B.CrtYd user)
    (47 F.CrtYd user)
    (48 B.Fab user hide)
    (49 F.Fab user hide)
  )

  (setup
    (last_trace_width 0.6)
    (user_trace_width 0.25)
    (user_trace_width 0.3)
    (user_trace_width 0.35)
    (user_trace_width 0.4)
    (user_trace_width 0.5)
    (user_trace_width 0.6)
    (trace_clearance 0.2)
    (zone_clearance 0.25)
    (zone_45_only no)
    (trace_min 0.2)
    (segment_width 0.2)
    (edge_width 0.15)
    (via_size 0.8)
    (via_drill 0.4)
    (via_min_size 0.4)
    (via_min_drill 0.3)
    (uvia_size 0.3)
    (uvia_drill 0.1)
    (uvias_allowed no)
    (uvia_min_size 0.2)
    (uvia_min_drill 0.1)
    (pcb_text_width 0.3)
    (pcb_text_size 1.5 1.5)
    (mod_edge_width 0.15)
    (mod_text_size 1 1)
    (mod_text_width 0.15)
    (pad_size 3.5 4)
    (pad_drill 2.2)
    (pad_to_mask_clearance 0.051)
    (solder_mask_min_width 0.25)
    (aux_axis_origin 0 0)
    (visible_elements 7FFDFF7F)
    (pcbplotparams
      (layerselection 0x011fc_ffffffff)
      (usegerberextensions false)
      (usegerberattributes false)
      (usegerberadvancedattributes false)
      (creategerberjobfile false)
      (excludeedgelayer true)
      (linewidth 0.100000)
      (plotframeref false)
      (viasonmask false)
      (mode 1)
      (useauxorigin false)
      (hpglpennumber 1)
      (hpglpenspeed 20)
      (hpglpendiameter 15.000000)
      (psnegative false)
      (psa4output false)
      (plotreference true)
      (plotvalue true)
      (plotinvisibletext false)
      (padsonsilk false)
      (subtractmaskfromsilk false)
      (outputformat 1)
      (mirror false)
      (drillshape 0)
      (scaleselection 1)
      (outputdirectory "Pendrive v1 Pliki GBR i DRL/"))
  )

  (net 0 "")
  (net 1 "Net-(IC1-Pad1)")
  (net 2 "Net-(IC1-Pad2)")
  (net 3 "Net-(IC1-Pad3)")
  (net 4 "Net-(IC1-Pad4)")
  (net 5 "Net-(IC1-Pad10)")
  (net 6 "Net-(IC1-Pad11)")
  (net 7 "Net-(IC1-Pad12)")
  (net 8 "Net-(IC1-Pad17)")
  (net 9 "Net-(IC1-Pad18)")
  (net 10 "Net-(IC1-Pad19)")
  (net 11 "Net-(IC1-Pad20)")
  (net 12 "Net-(IC1-Pad21)")
  (net 13 "Net-(IC1-Pad25)")
  (net 14 "Net-(IC1-Pad26)")
  (net 15 "Net-(IC1-Pad27)")
  (net 16 "Net-(IC1-Pad31)")
  (net 17 "Net-(IC1-Pad38)")
  (net 18 "Net-(IC1-Pad39)")
  (net 19 "Net-(IC1-Pad42)")
  (net 20 "Net-(IC1-Pad43)")
  (net 21 "Net-(IC1-Pad44)")
  (net 22 "Net-(IC1-Pad45)")
  (net 23 "Net-(IC1-Pad46)")
  (net 24 GND)
  (net 25 /D-)
  (net 26 /D+)
  (net 27 +5V)
  (net 28 +3V3)
  (net 29 /CMD)
  (net 30 /CLK)
  (net 31 /D1)
  (net 32 /D2)
  (net 33 /D0)
  (net 34 /D3)
  (net 35 "Net-(LED1-Pad1)")
  (net 36 "Net-(LED1-Pad2)")
  (net 37 "Net-(LED1-Pad3)")
  (net 38 "Net-(C6-Pad1)")
  (net 39 "Net-(C5-Pad1)")
  (net 40 /DEB-IO)
  (net 41 /DEB-CLK)
  (net 42 "Net-(C9-Pad1)")
  (net 43 "Net-(C12-Pad1)")
  (net 44 /LD_R)
  (net 45 /LD_G)
  (net 46 /LD_B)
  (net 47 "Net-(J2-Pad2)")
  (net 48 "Net-(J2-Pad3)")

  (net_class Default "To jest domyślna klasa połączeń."
    (clearance 0.2)
    (trace_width 0.25)
    (via_dia 0.8)
    (via_drill 0.4)
    (uvia_dia 0.3)
    (uvia_drill 0.1)
    (add_net +3V3)
    (add_net +5V)
    (add_net /CLK)
    (add_net /CMD)
    (add_net /D+)
    (add_net /D-)
    (add_net /D0)
    (add_net /D1)
    (add_net /D2)
    (add_net /D3)
    (add_net /DEB-CLK)
    (add_net /DEB-IO)
    (add_net /LD_B)
    (add_net /LD_G)
    (add_net /LD_R)
    (add_net GND)
    (add_net "Net-(C12-Pad1)")
    (add_net "Net-(C5-Pad1)")
    (add_net "Net-(C6-Pad1)")
    (add_net "Net-(C9-Pad1)")
    (add_net "Net-(IC1-Pad1)")
    (add_net "Net-(IC1-Pad10)")
    (add_net "Net-(IC1-Pad11)")
    (add_net "Net-(IC1-Pad12)")
    (add_net "Net-(IC1-Pad17)")
    (add_net "Net-(IC1-Pad18)")
    (add_net "Net-(IC1-Pad19)")
    (add_net "Net-(IC1-Pad2)")
    (add_net "Net-(IC1-Pad20)")
    (add_net "Net-(IC1-Pad21)")
    (add_net "Net-(IC1-Pad25)")
    (add_net "Net-(IC1-Pad26)")
    (add_net "Net-(IC1-Pad27)")
    (add_net "Net-(IC1-Pad3)")
    (add_net "Net-(IC1-Pad31)")
    (add_net "Net-(IC1-Pad38)")
    (add_net "Net-(IC1-Pad39)")
    (add_net "Net-(IC1-Pad4)")
    (add_net "Net-(IC1-Pad42)")
    (add_net "Net-(IC1-Pad43)")
    (add_net "Net-(IC1-Pad44)")
    (add_net "Net-(IC1-Pad45)")
    (add_net "Net-(IC1-Pad46)")
    (add_net "Net-(J2-Pad2)")
    (add_net "Net-(J2-Pad3)")
    (add_net "Net-(LED1-Pad1)")
    (add_net "Net-(LED1-Pad2)")
    (add_net "Net-(LED1-Pad3)")
  )

  (module Resistor_SMD:R_0603_1608Metric (layer B.Cu) (tedit 6276894F) (tstamp 6276943F)
    (at 108.331 138.303 180)
    (descr "Resistor SMD 0603 (1608 Metric), square (rectangular) end terminal, IPC_7351 nominal, (Body size source: http://www.tortai-tech.com/upload/download/2011102023233369053.pdf), generated with kicad-footprint-generator")
    (tags resistor)
    (path /6277EF0A)
    (attr smd)
    (fp_text reference R5 (at 2.3495 3.1115 180) (layer B.SilkS)
      (effects (font (size 0.8 0.8) (thickness 0.15)) (justify mirror))
    )
    (fp_text value R (at 0 -1.43 180) (layer B.Fab)
      (effects (font (size 1 1) (thickness 0.15)) (justify mirror))
    )
    (fp_text user %R (at 0 0 180) (layer B.Fab)
      (effects (font (size 0.4 0.4) (thickness 0.06)) (justify mirror))
    )
    (fp_line (start 1.48 -0.73) (end -1.48 -0.73) (layer B.CrtYd) (width 0.05))
    (fp_line (start 1.48 0.73) (end 1.48 -0.73) (layer B.CrtYd) (width 0.05))
    (fp_line (start -1.48 0.73) (end 1.48 0.73) (layer B.CrtYd) (width 0.05))
    (fp_line (start -1.48 -0.73) (end -1.48 0.73) (layer B.CrtYd) (width 0.05))
    (fp_line (start -0.162779 -0.51) (end 0.162779 -0.51) (layer B.SilkS) (width 0.12))
    (fp_line (start -0.162779 0.51) (end 0.162779 0.51) (layer B.SilkS) (width 0.12))
    (fp_line (start 0.8 -0.4) (end -0.8 -0.4) (layer B.Fab) (width 0.1))
    (fp_line (start 0.8 0.4) (end 0.8 -0.4) (layer B.Fab) (width 0.1))
    (fp_line (start -0.8 0.4) (end 0.8 0.4) (layer B.Fab) (width 0.1))
    (fp_line (start -0.8 -0.4) (end -0.8 0.4) (layer B.Fab) (width 0.1))
    (pad 2 smd roundrect (at 0.7875 0 180) (size 0.875 0.95) (layers B.Cu B.Paste B.Mask) (roundrect_rratio 0.25)
      (net 48 "Net-(J2-Pad3)"))
    (pad 1 smd roundrect (at -0.7875 0 180) (size 0.875 0.95) (layers B.Cu B.Paste B.Mask) (roundrect_rratio 0.25)
      (net 26 /D+))
    (model ${KISYS3DMOD}/Resistor_SMD.3dshapes/R_0603_1608Metric.wrl
      (at (xyz 0 0 0))
      (scale (xyz 1 1 1))
      (rotate (xyz 0 0 0))
    )
  )

  (module Resistor_SMD:R_0603_1608Metric (layer B.Cu) (tedit 62768949) (tstamp 6276942E)
    (at 108.585 134.493 180)
    (descr "Resistor SMD 0603 (1608 Metric), square (rectangular) end terminal, IPC_7351 nominal, (Body size source: http://www.tortai-tech.com/upload/download/2011102023233369053.pdf), generated with kicad-footprint-generator")
    (tags resistor)
    (path /6277EFAC)
    (attr smd)
    (fp_text reference R6 (at 0 1.43 180) (layer B.SilkS)
      (effects (font (size 0.8 0.8) (thickness 0.15)) (justify mirror))
    )
    (fp_text value R (at 0 -1.43 180) (layer B.Fab)
      (effects (font (size 1 1) (thickness 0.15)) (justify mirror))
    )
    (fp_line (start -0.8 -0.4) (end -0.8 0.4) (layer B.Fab) (width 0.1))
    (fp_line (start -0.8 0.4) (end 0.8 0.4) (layer B.Fab) (width 0.1))
    (fp_line (start 0.8 0.4) (end 0.8 -0.4) (layer B.Fab) (width 0.1))
    (fp_line (start 0.8 -0.4) (end -0.8 -0.4) (layer B.Fab) (width 0.1))
    (fp_line (start -0.162779 0.51) (end 0.162779 0.51) (layer B.SilkS) (width 0.12))
    (fp_line (start -0.162779 -0.51) (end 0.162779 -0.51) (layer B.SilkS) (width 0.12))
    (fp_line (start -1.48 -0.73) (end -1.48 0.73) (layer B.CrtYd) (width 0.05))
    (fp_line (start -1.48 0.73) (end 1.48 0.73) (layer B.CrtYd) (width 0.05))
    (fp_line (start 1.48 0.73) (end 1.48 -0.73) (layer B.CrtYd) (width 0.05))
    (fp_line (start 1.48 -0.73) (end -1.48 -0.73) (layer B.CrtYd) (width 0.05))
    (fp_text user %R (at 0 0 180) (layer B.Fab)
      (effects (font (size 0.4 0.4) (thickness 0.06)) (justify mirror))
    )
    (pad 1 smd roundrect (at -0.7875 0 180) (size 0.875 0.95) (layers B.Cu B.Paste B.Mask) (roundrect_rratio 0.25)
      (net 25 /D-))
    (pad 2 smd roundrect (at 0.7875 0 180) (size 0.875 0.95) (layers B.Cu B.Paste B.Mask) (roundrect_rratio 0.25)
      (net 47 "Net-(J2-Pad2)"))
    (model ${KISYS3DMOD}/Resistor_SMD.3dshapes/R_0603_1608Metric.wrl
      (at (xyz 0 0 0))
      (scale (xyz 1 1 1))
      (rotate (xyz 0 0 0))
    )
  )

  (module test:QFN50P700X700X60-49N-D (layer F.Cu) (tedit 6274D97B) (tstamp 628176E6)
    (at 108.785 123.206)
    (descr UFQFPN48_1)
    (tags "Integrated Circuit")
    (path /62753A84)
    (attr smd)
    (fp_text reference IC1 (at 0 0) (layer F.SilkS)
      (effects (font (size 1.27 1.27) (thickness 0.254)))
    )
    (fp_text value STM32F411CEU6 (at 0 0) (layer F.SilkS) hide
      (effects (font (size 1.27 1.27) (thickness 0.254)))
    )
    (fp_circle (center -3.875 -3.5) (end -3.875 -3.375) (layer F.SilkS) (width 0.25))
    (fp_line (start -3.5 -3) (end -3 -3.5) (layer F.Fab) (width 0.1))
    (fp_line (start -3.5 3.5) (end -3.5 -3.5) (layer F.Fab) (width 0.1))
    (fp_line (start 3.5 3.5) (end -3.5 3.5) (layer F.Fab) (width 0.1))
    (fp_line (start 3.5 -3.5) (end 3.5 3.5) (layer F.Fab) (width 0.1))
    (fp_line (start -3.5 -3.5) (end 3.5 -3.5) (layer F.Fab) (width 0.1))
    (fp_line (start -4.125 4.125) (end -4.125 -4.125) (layer F.CrtYd) (width 0.05))
    (fp_line (start 4.125 4.125) (end -4.125 4.125) (layer F.CrtYd) (width 0.05))
    (fp_line (start 4.125 -4.125) (end 4.125 4.125) (layer F.CrtYd) (width 0.05))
    (fp_line (start -4.125 -4.125) (end 4.125 -4.125) (layer F.CrtYd) (width 0.05))
    (fp_text user %R (at 0 0) (layer F.Fab)
      (effects (font (size 1.27 1.27) (thickness 0.254)))
    )
    (pad 49 smd rect (at 0 0) (size 5.65 5.65) (layers F.Cu F.Paste F.Mask)
      (net 24 GND))
    (pad 48 smd rect (at -2.75 -3.45) (size 0.3 0.85) (layers F.Cu F.Paste F.Mask)
      (net 28 +3V3))
    (pad 47 smd rect (at -2.25 -3.45) (size 0.3 0.85) (layers F.Cu F.Paste F.Mask)
      (net 24 GND))
    (pad 46 smd rect (at -1.75 -3.45) (size 0.3 0.85) (layers F.Cu F.Paste F.Mask)
      (net 23 "Net-(IC1-Pad46)"))
    (pad 45 smd rect (at -1.25 -3.45) (size 0.3 0.85) (layers F.Cu F.Paste F.Mask)
      (net 22 "Net-(IC1-Pad45)"))
    (pad 44 smd rect (at -0.75 -3.45) (size 0.3 0.85) (layers F.Cu F.Paste F.Mask)
      (net 21 "Net-(IC1-Pad44)"))
    (pad 43 smd rect (at -0.25 -3.45) (size 0.3 0.85) (layers F.Cu F.Paste F.Mask)
      (net 20 "Net-(IC1-Pad43)"))
    (pad 42 smd rect (at 0.25 -3.45) (size 0.3 0.85) (layers F.Cu F.Paste F.Mask)
      (net 19 "Net-(IC1-Pad42)"))
    (pad 41 smd rect (at 0.75 -3.45) (size 0.3 0.85) (layers F.Cu F.Paste F.Mask)
      (net 34 /D3))
    (pad 40 smd rect (at 1.25 -3.45) (size 0.3 0.85) (layers F.Cu F.Paste F.Mask)
      (net 33 /D0))
    (pad 39 smd rect (at 1.75 -3.45) (size 0.3 0.85) (layers F.Cu F.Paste F.Mask)
      (net 18 "Net-(IC1-Pad39)"))
    (pad 38 smd rect (at 2.25 -3.45) (size 0.3 0.85) (layers F.Cu F.Paste F.Mask)
      (net 17 "Net-(IC1-Pad38)"))
    (pad 37 smd rect (at 2.75 -3.45) (size 0.3 0.85) (layers F.Cu F.Paste F.Mask)
      (net 41 /DEB-CLK))
    (pad 36 smd rect (at 3.45 -2.75 90) (size 0.3 0.85) (layers F.Cu F.Paste F.Mask)
      (net 28 +3V3))
    (pad 35 smd rect (at 3.45 -2.25 90) (size 0.3 0.85) (layers F.Cu F.Paste F.Mask)
      (net 24 GND))
    (pad 34 smd rect (at 3.45 -1.75 90) (size 0.3 0.85) (layers F.Cu F.Paste F.Mask)
      (net 40 /DEB-IO))
    (pad 33 smd rect (at 3.45 -1.25 90) (size 0.3 0.85) (layers F.Cu F.Paste F.Mask)
      (net 26 /D+))
    (pad 32 smd rect (at 3.45 -0.75 90) (size 0.3 0.85) (layers F.Cu F.Paste F.Mask)
      (net 25 /D-))
    (pad 31 smd rect (at 3.45 -0.25 90) (size 0.3 0.85) (layers F.Cu F.Paste F.Mask)
      (net 16 "Net-(IC1-Pad31)"))
    (pad 30 smd rect (at 3.45 0.25 90) (size 0.3 0.85) (layers F.Cu F.Paste F.Mask)
      (net 32 /D2))
    (pad 29 smd rect (at 3.45 0.75 90) (size 0.3 0.85) (layers F.Cu F.Paste F.Mask)
      (net 31 /D1))
    (pad 28 smd rect (at 3.45 1.25 90) (size 0.3 0.85) (layers F.Cu F.Paste F.Mask)
      (net 30 /CLK))
    (pad 27 smd rect (at 3.45 1.75 90) (size 0.3 0.85) (layers F.Cu F.Paste F.Mask)
      (net 15 "Net-(IC1-Pad27)"))
    (pad 26 smd rect (at 3.45 2.25 90) (size 0.3 0.85) (layers F.Cu F.Paste F.Mask)
      (net 14 "Net-(IC1-Pad26)"))
    (pad 25 smd rect (at 3.45 2.75 90) (size 0.3 0.85) (layers F.Cu F.Paste F.Mask)
      (net 13 "Net-(IC1-Pad25)"))
    (pad 24 smd rect (at 2.75 3.45) (size 0.3 0.85) (layers F.Cu F.Paste F.Mask)
      (net 28 +3V3))
    (pad 23 smd rect (at 2.25 3.45) (size 0.3 0.85) (layers F.Cu F.Paste F.Mask)
      (net 24 GND))
    (pad 22 smd rect (at 1.75 3.45) (size 0.3 0.85) (layers F.Cu F.Paste F.Mask)
      (net 43 "Net-(C12-Pad1)"))
    (pad 21 smd rect (at 1.25 3.45) (size 0.3 0.85) (layers F.Cu F.Paste F.Mask)
      (net 12 "Net-(IC1-Pad21)"))
    (pad 20 smd rect (at 0.75 3.45) (size 0.3 0.85) (layers F.Cu F.Paste F.Mask)
      (net 11 "Net-(IC1-Pad20)"))
    (pad 19 smd rect (at 0.25 3.45) (size 0.3 0.85) (layers F.Cu F.Paste F.Mask)
      (net 10 "Net-(IC1-Pad19)"))
    (pad 18 smd rect (at -0.25 3.45) (size 0.3 0.85) (layers F.Cu F.Paste F.Mask)
      (net 9 "Net-(IC1-Pad18)"))
    (pad 17 smd rect (at -0.75 3.45) (size 0.3 0.85) (layers F.Cu F.Paste F.Mask)
      (net 8 "Net-(IC1-Pad17)"))
    (pad 16 smd rect (at -1.25 3.45) (size 0.3 0.85) (layers F.Cu F.Paste F.Mask)
      (net 29 /CMD))
    (pad 15 smd rect (at -1.75 3.45) (size 0.3 0.85) (layers F.Cu F.Paste F.Mask)
      (net 46 /LD_B))
    (pad 14 smd rect (at -2.25 3.45) (size 0.3 0.85) (layers F.Cu F.Paste F.Mask)
      (net 45 /LD_G))
    (pad 13 smd rect (at -2.75 3.45) (size 0.3 0.85) (layers F.Cu F.Paste F.Mask)
      (net 44 /LD_R))
    (pad 12 smd rect (at -3.45 2.75 90) (size 0.3 0.85) (layers F.Cu F.Paste F.Mask)
      (net 7 "Net-(IC1-Pad12)"))
    (pad 11 smd rect (at -3.45 2.25 90) (size 0.3 0.85) (layers F.Cu F.Paste F.Mask)
      (net 6 "Net-(IC1-Pad11)"))
    (pad 10 smd rect (at -3.45 1.75 90) (size 0.3 0.85) (layers F.Cu F.Paste F.Mask)
      (net 5 "Net-(IC1-Pad10)"))
    (pad 9 smd rect (at -3.45 1.25 90) (size 0.3 0.85) (layers F.Cu F.Paste F.Mask)
      (net 28 +3V3))
    (pad 8 smd rect (at -3.45 0.75 90) (size 0.3 0.85) (layers F.Cu F.Paste F.Mask)
      (net 24 GND))
    (pad 7 smd rect (at -3.45 0.25 90) (size 0.3 0.85) (layers F.Cu F.Paste F.Mask)
      (net 42 "Net-(C9-Pad1)"))
    (pad 6 smd rect (at -3.45 -0.25 90) (size 0.3 0.85) (layers F.Cu F.Paste F.Mask)
      (net 39 "Net-(C5-Pad1)"))
    (pad 5 smd rect (at -3.45 -0.75 90) (size 0.3 0.85) (layers F.Cu F.Paste F.Mask)
      (net 38 "Net-(C6-Pad1)"))
    (pad 4 smd rect (at -3.45 -1.25 90) (size 0.3 0.85) (layers F.Cu F.Paste F.Mask)
      (net 4 "Net-(IC1-Pad4)"))
    (pad 3 smd rect (at -3.45 -1.75 90) (size 0.3 0.85) (layers F.Cu F.Paste F.Mask)
      (net 3 "Net-(IC1-Pad3)"))
    (pad 2 smd rect (at -3.45 -2.25 90) (size 0.3 0.85) (layers F.Cu F.Paste F.Mask)
      (net 2 "Net-(IC1-Pad2)"))
    (pad 1 smd rect (at -3.45 -2.75 90) (size 0.3 0.85) (layers F.Cu F.Paste F.Mask)
      (net 1 "Net-(IC1-Pad1)"))
    (model STM32F411CEU6.stp
      (at (xyz 0 0 0))
      (scale (xyz 1 1 1))
      (rotate (xyz 0 0 0))
    )
  )

  (module Connector_PinSocket_2.54mm:PinSocket_1x04_P2.54mm_Horizontal (layer F.Cu) (tedit 6274CDC8) (tstamp 628DB51B)
    (at 111.125 101.446 270)
    (descr "Through hole angled socket strip, 1x04, 2.54mm pitch, 8.51mm socket length, single row (from Kicad 4.0.7), script generated")
    (tags "Through hole angled socket strip THT 1x04 2.54mm single row")
    (path /62765452)
    (fp_text reference J3 (at 0.027 -2.794 270) (layer F.SilkS)
      (effects (font (size 1 1) (thickness 0.15)))
    )
    (fp_text value Conn_01x04 (at -4.38 10.39 270) (layer F.Fab)
      (effects (font (size 1 1) (thickness 0.15)))
    )
    (fp_text user %R (at 0 3.81) (layer F.Fab)
      (effects (font (size 1 1) (thickness 0.15)))
    )
    (fp_line (start 1.75 9.45) (end 1.75 -1.75) (layer F.CrtYd) (width 0.05))
    (fp_line (start -1.5 9.45) (end 1.75 9.45) (layer F.CrtYd) (width 0.05))
    (fp_line (start -1.5 -1.75) (end -1.5 9.45) (layer F.CrtYd) (width 0.05))
    (fp_line (start 1.75 -1.75) (end -1.5 -1.75) (layer F.CrtYd) (width 0.05))
    (fp_line (start 0 -1.33) (end 1.11 -1.33) (layer F.SilkS) (width 0.12))
    (fp_line (start 1.11 -1.33) (end 1.11 0) (layer F.SilkS) (width 0.12))
    (fp_line (start 0 7.92) (end 0 7.32) (layer F.Fab) (width 0.1))
    (fp_line (start 0 5.38) (end 0 4.78) (layer F.Fab) (width 0.1))
    (fp_line (start 0 2.84) (end 0 2.24) (layer F.Fab) (width 0.1))
    (fp_line (start 0 0.3) (end 0 -0.3) (layer F.Fab) (width 0.1))
    (pad 4 thru_hole oval (at 0 7.62 270) (size 1.7 1.7) (drill 1) (layers *.Cu *.Mask)
      (net 28 +3V3))
    (pad 3 thru_hole oval (at 0 5.08 270) (size 1.7 1.7) (drill 1) (layers *.Cu *.Mask)
      (net 40 /DEB-IO))
    (pad 2 thru_hole oval (at 0 2.54 270) (size 1.7 1.7) (drill 1) (layers *.Cu *.Mask)
      (net 41 /DEB-CLK))
    (pad 1 thru_hole rect (at 0 0 270) (size 1.7 1.7) (drill 1) (layers *.Cu *.Mask)
      (net 24 GND))
    (model ${KISYS3DMOD}/Connector_PinSocket_2.54mm.3dshapes/PinSocket_1x04_P2.54mm_Horizontal.wrl
      (at (xyz 0 0 0))
      (scale (xyz 1 1 1))
      (rotate (xyz 0 0 0))
    )
  )

  (module test:USBAMSFBTH (layer F.Cu) (tedit 6276844E) (tstamp 62E2DA7A)
    (at 111.76 136.379)
    (descr USB-AM-S-F-B-TH-1)
    (tags Connector)
    (path /6286805F)
    (fp_text reference J2 (at 2.54 -1.3145) (layer F.SilkS)
      (effects (font (size 1.27 1.27) (thickness 0.254)))
    )
    (fp_text value USB-AM-S-F-B-TH (at -3.5 9.25) (layer F.SilkS) hide
      (effects (font (size 1.27 1.27) (thickness 0.254)))
    )
    (fp_text user %R (at -3.5 9.25) (layer F.Fab)
      (effects (font (size 1.27 1.27) (thickness 0.254)))
    )
    (fp_line (start -9.5 1) (end 2.5 1) (layer F.Fab) (width 0.2))
    (fp_line (start 2.5 1) (end 2.5 19.8) (layer F.Fab) (width 0.2))
    (fp_line (start 2.5 19.8) (end -9.5 19.8) (layer F.Fab) (width 0.2))
    (fp_line (start -9.5 19.8) (end -9.5 1) (layer F.Fab) (width 0.2))
    (fp_line (start -12.369 -2.3) (end 5.369 -2.3) (layer F.CrtYd) (width 0.1))
    (fp_line (start 5.369 -2.3) (end 5.369 20.8) (layer F.CrtYd) (width 0.1))
    (fp_line (start 5.369 20.8) (end -12.369 20.8) (layer F.CrtYd) (width 0.1))
    (fp_line (start -12.369 20.8) (end -12.369 -2.3) (layer F.CrtYd) (width 0.1))
    (fp_line (start -6.5 1) (end -0.5 1) (layer F.SilkS) (width 0.1))
    (fp_line (start -9.5 5.4) (end -9.5 19.8) (layer F.SilkS) (width 0.1))
    (fp_line (start -9.5 19.8) (end 2.35 19.8) (layer F.SilkS) (width 0.1))
    (fp_line (start 2.35 19.8) (end 2.5 5.4) (layer F.SilkS) (width 0.1))
    (fp_line (start -0.1 -1.2) (end -0.1 -1.2) (layer F.SilkS) (width 0.2))
    (fp_line (start 0.1 -1.2) (end 0.1 -1.2) (layer F.SilkS) (width 0.2))
    (fp_arc (start 0 -1.2) (end -0.1 -1.2) (angle 180) (layer F.SilkS) (width 0.2))
    (fp_arc (start 0 -1.2) (end 0.1 -1.2) (angle 180) (layer F.SilkS) (width 0.2))
    (pad 1 thru_hole circle (at 0 0) (size 1.431 1.431) (drill 0.92) (layers *.Cu *.Mask)
      (net 27 +5V))
    (pad 2 thru_hole circle (at -2.5 0) (size 1.431 1.431) (drill 0.92) (layers *.Cu *.Mask)
      (net 47 "Net-(J2-Pad2)"))
    (pad 3 thru_hole circle (at -4.5 0) (size 1.431 1.431) (drill 0.92) (layers *.Cu *.Mask)
      (net 48 "Net-(J2-Pad3)"))
    (pad 4 thru_hole circle (at -7 0) (size 1.431 1.431) (drill 0.92) (layers *.Cu *.Mask)
      (net 24 GND))
    (pad MH1 thru_hole oval (at -9.35 2.2) (size 3.5 4) (drill 2.2) (layers *.Cu *.Mask)
      (net 24 GND))
    (pad MH2 thru_hole oval (at 2.35 2.2) (size 3.5 4) (drill 2.2) (layers *.Cu *.Mask)
      (net 24 GND))
    (pad MH3 np_thru_hole circle (at -5.8 2.2) (size 1.1 0) (drill 1.1) (layers *.Cu *.Mask))
    (pad MH4 np_thru_hole circle (at -1.2 2.2) (size 1.1 0) (drill 1.1) (layers *.Cu *.Mask))
    (model USB-AM-S-F-B-TH.stp
      (at (xyz 0 0 0))
      (scale (xyz 1 1 1))
      (rotate (xyz 0 0 0))
    )
  )

  (module test:47352-1001 (layer F.Cu) (tedit 62742396) (tstamp 62EF1D57)
    (at 100.95 102.559 180)
    (descr 47352-1001)
    (tags Connector)
    (path /628695C8)
    (attr smd)
    (fp_text reference J1 (at -3.497 -5.106 180) (layer F.SilkS)
      (effects (font (size 1.27 1.27) (thickness 0.254)))
    )
    (fp_text value 47352-1001 (at -3.497 -5.106 180) (layer F.SilkS) hide
      (effects (font (size 1.27 1.27) (thickness 0.254)))
    )
    (fp_circle (center -4.994 -0.556) (end -4.994 -0.522) (layer F.SilkS) (width 0.2))
    (fp_line (start 0 -15.2) (end -5.273 -15.2) (layer F.SilkS) (width 0.2))
    (fp_line (start 0 -15.2) (end 0 -1.858) (layer F.SilkS) (width 0.2))
    (fp_line (start -2.5 0) (end -1.25 0) (layer F.SilkS) (width 0.2))
    (fp_line (start -2.5 -1) (end -2.5 0) (layer F.SilkS) (width 0.2))
    (fp_line (start -2.5 -1) (end -12.526 -1) (layer F.SilkS) (width 0.2))
    (fp_line (start -14 -15.2) (end -14 -2.872) (layer F.SilkS) (width 0.2))
    (fp_line (start -2.5 0) (end -2.5 -1) (layer F.Fab) (width 0.2))
    (fp_line (start 0 0) (end -2.5 0) (layer F.Fab) (width 0.2))
    (fp_line (start 0 -1) (end 0 0) (layer F.Fab) (width 0.2))
    (fp_line (start -14 -1) (end -14 -15.2) (layer F.Fab) (width 0.2))
    (fp_line (start 0 -1) (end -14 -1) (layer F.Fab) (width 0.2))
    (fp_line (start 0 -15.2) (end 0 -1) (layer F.Fab) (width 0.2))
    (fp_line (start -14 -15.2) (end 0 -15.2) (layer F.Fab) (width 0.2))
    (fp_text user %R (at -3.497 -5.106 180) (layer F.Fab)
      (effects (font (size 1.27 1.27) (thickness 0.254)))
    )
    (pad 13 smd rect (at -0.4 -0.65 180) (size 1.4 1.9) (layers F.Cu F.Paste F.Mask))
    (pad 12 smd rect (at -13.55 -1.65 180) (size 1.4 1.9) (layers F.Cu F.Paste F.Mask))
    (pad 11 smd rect (at -6.25 -14.8 180) (size 1.3 1.4) (layers F.Cu F.Paste F.Mask))
    (pad 9 smd rect (at -11.95 -14.8 180) (size 1.3 1.4) (layers F.Cu F.Paste F.Mask))
    (pad 8 smd rect (at -12.76 -3.94 180) (size 0.8 1.5) (layers F.Cu F.Paste F.Mask)
      (net 31 /D1))
    (pad 7 smd rect (at -11.66 -3.94 180) (size 0.8 1.5) (layers F.Cu F.Paste F.Mask)
      (net 33 /D0))
    (pad 6 smd rect (at -10.56 -3.74 180) (size 0.8 1.5) (layers F.Cu F.Paste F.Mask)
      (net 24 GND))
    (pad 5 smd rect (at -9.46 -3.94 180) (size 0.8 1.5) (layers F.Cu F.Paste F.Mask)
      (net 30 /CLK))
    (pad 4 smd rect (at -8.36 -3.74 180) (size 0.8 1.5) (layers F.Cu F.Paste F.Mask)
      (net 28 +3V3))
    (pad 3 smd rect (at -7.26 -3.94 180) (size 0.8 1.5) (layers F.Cu F.Paste F.Mask)
      (net 29 /CMD))
    (pad 2 smd rect (at -6.16 -4.34 180) (size 0.8 1.5) (layers F.Cu F.Paste F.Mask)
      (net 34 /D3))
    (pad 1 smd rect (at -5.06 -3.94 180) (size 0.8 1.5) (layers F.Cu F.Paste F.Mask)
      (net 32 /D2))
  )

  (module LFXTAL069392Cutt:LFXTAL069392Cutt (layer F.Cu) (tedit 62740466) (tstamp 62B1B7C2)
    (at 102.435 121.793 90)
    (descr LFXTAL069392Cutt-1)
    (tags "Crystal or Oscillator")
    (path /627F3E6E)
    (attr smd)
    (fp_text reference Y1 (at 0 12.4365 180) (layer F.SilkS)
      (effects (font (size 0.8 0.8) (thickness 0.2)))
    )
    (fp_text value LFXTAL069392Cutt (at -0.538 0 90) (layer F.SilkS) hide
      (effects (font (size 1.27 1.27) (thickness 0.254)))
    )
    (fp_line (start -1.25 1) (end 1.25 1) (layer Dwgs.User) (width 0.2))
    (fp_line (start 1.25 1) (end 1.25 -1) (layer Dwgs.User) (width 0.2))
    (fp_line (start 1.25 -1) (end -1.25 -1) (layer Dwgs.User) (width 0.2))
    (fp_line (start -1.25 -1) (end -1.25 1) (layer Dwgs.User) (width 0.2))
    (fp_line (start -3.4 -2.063) (end 2.325 -2.063) (layer Dwgs.User) (width 0.1))
    (fp_line (start 2.325 -2.063) (end 2.325 2.063) (layer Dwgs.User) (width 0.1))
    (fp_line (start 2.325 2.063) (end -3.4 2.063) (layer Dwgs.User) (width 0.1))
    (fp_line (start -3.4 2.063) (end -3.4 -2.063) (layer Dwgs.User) (width 0.1))
    (fp_line (start -2.4 0.6) (end -2.4 0.6) (layer F.SilkS) (width 0.2))
    (fp_line (start -2.3 0.6) (end -2.3 0.6) (layer F.SilkS) (width 0.2))
    (fp_line (start -2.4 0.6) (end -2.4 0.6) (layer F.SilkS) (width 0.2))
    (fp_arc (start -2.35 0.6) (end -2.4 0.6) (angle -180) (layer F.SilkS) (width 0.2))
    (fp_arc (start -2.35 0.6) (end -2.3 0.6) (angle -180) (layer F.SilkS) (width 0.2))
    (fp_arc (start -2.35 0.6) (end -2.4 0.6) (angle -180) (layer F.SilkS) (width 0.2))
    (pad 1 smd rect (at -0.825 0.613 180) (size 0.9 1) (layers F.Cu F.Paste F.Mask)
      (net 39 "Net-(C5-Pad1)"))
    (pad 2 smd rect (at 0.825 0.613 180) (size 0.9 1) (layers F.Cu F.Paste F.Mask)
      (net 24 GND))
    (pad 3 smd rect (at 0.825 -0.613 180) (size 0.9 1) (layers F.Cu F.Paste F.Mask)
      (net 38 "Net-(C6-Pad1)"))
    (pad 4 smd rect (at -0.825 -0.613 180) (size 0.9 1) (layers F.Cu F.Paste F.Mask)
      (net 24 GND))
  )

  (module Capacitor_SMD:C_0603_1608Metric (layer B.Cu) (tedit 6273F0F4) (tstamp 62A55E24)
    (at 107.696 125.984 90)
    (descr "Capacitor SMD 0603 (1608 Metric), square (rectangular) end terminal, IPC_7351 nominal, (Body size source: http://www.tortai-tech.com/upload/download/2011102023233369053.pdf), generated with kicad-footprint-generator")
    (tags capacitor)
    (path /627C5097)
    (attr smd)
    (fp_text reference C12 (at -2.6035 -0.8255 90) (layer B.SilkS)
      (effects (font (size 0.8 0.8) (thickness 0.15)) (justify mirror))
    )
    (fp_text value 1u (at 0 -1.43 90) (layer B.Fab) hide
      (effects (font (size 1 1) (thickness 0.15)) (justify mirror))
    )
    (fp_line (start -0.8 -0.4) (end -0.8 0.4) (layer B.Fab) (width 0.1))
    (fp_line (start -0.8 0.4) (end 0.8 0.4) (layer B.Fab) (width 0.1))
    (fp_line (start 0.8 0.4) (end 0.8 -0.4) (layer B.Fab) (width 0.1))
    (fp_line (start 0.8 -0.4) (end -0.8 -0.4) (layer B.Fab) (width 0.1))
    (fp_line (start -0.162779 0.51) (end 0.162779 0.51) (layer B.SilkS) (width 0.12))
    (fp_line (start -0.162779 -0.51) (end 0.162779 -0.51) (layer B.SilkS) (width 0.12))
    (fp_line (start -1.48 -0.73) (end -1.48 0.73) (layer B.CrtYd) (width 0.05))
    (fp_line (start -1.48 0.73) (end 1.48 0.73) (layer B.CrtYd) (width 0.05))
    (fp_line (start 1.48 0.73) (end 1.48 -0.73) (layer B.CrtYd) (width 0.05))
    (fp_line (start 1.48 -0.73) (end -1.48 -0.73) (layer B.CrtYd) (width 0.05))
    (fp_text user %R (at 0 0 90) (layer B.Fab)
      (effects (font (size 0.4 0.4) (thickness 0.06)) (justify mirror))
    )
    (pad 1 smd roundrect (at -0.7875 0 90) (size 0.875 0.95) (layers B.Cu B.Paste B.Mask) (roundrect_rratio 0.25)
      (net 43 "Net-(C12-Pad1)"))
    (pad 2 smd roundrect (at 0.7875 0 90) (size 0.875 0.95) (layers B.Cu B.Paste B.Mask) (roundrect_rratio 0.25)
      (net 24 GND))
    (model ${KISYS3DMOD}/Capacitor_SMD.3dshapes/C_0603_1608Metric.wrl
      (at (xyz 0 0 0))
      (scale (xyz 1 1 1))
      (rotate (xyz 0 0 0))
    )
  )

  (module Capacitor_SMD:C_0603_1608Metric (layer B.Cu) (tedit 6273F147) (tstamp 62A559A1)
    (at 106.172 125.984 90)
    (descr "Capacitor SMD 0603 (1608 Metric), square (rectangular) end terminal, IPC_7351 nominal, (Body size source: http://www.tortai-tech.com/upload/download/2011102023233369053.pdf), generated with kicad-footprint-generator")
    (tags capacitor)
    (path /627C5049)
    (attr smd)
    (fp_text reference C13 (at -2.6035 -0.5715 90) (layer B.SilkS)
      (effects (font (size 0.8 0.8) (thickness 0.15)) (justify mirror))
    )
    (fp_text value 1u (at 0 -1.43 90) (layer B.Fab) hide
      (effects (font (size 1 1) (thickness 0.15)) (justify mirror))
    )
    (fp_text user %R (at 0 0 90) (layer B.Fab)
      (effects (font (size 0.4 0.4) (thickness 0.06)) (justify mirror))
    )
    (fp_line (start 1.48 -0.73) (end -1.48 -0.73) (layer B.CrtYd) (width 0.05))
    (fp_line (start 1.48 0.73) (end 1.48 -0.73) (layer B.CrtYd) (width 0.05))
    (fp_line (start -1.48 0.73) (end 1.48 0.73) (layer B.CrtYd) (width 0.05))
    (fp_line (start -1.48 -0.73) (end -1.48 0.73) (layer B.CrtYd) (width 0.05))
    (fp_line (start -0.162779 -0.51) (end 0.162779 -0.51) (layer B.SilkS) (width 0.12))
    (fp_line (start -0.162779 0.51) (end 0.162779 0.51) (layer B.SilkS) (width 0.12))
    (fp_line (start 0.8 -0.4) (end -0.8 -0.4) (layer B.Fab) (width 0.1))
    (fp_line (start 0.8 0.4) (end 0.8 -0.4) (layer B.Fab) (width 0.1))
    (fp_line (start -0.8 0.4) (end 0.8 0.4) (layer B.Fab) (width 0.1))
    (fp_line (start -0.8 -0.4) (end -0.8 0.4) (layer B.Fab) (width 0.1))
    (pad 2 smd roundrect (at 0.7875 0 90) (size 0.875 0.95) (layers B.Cu B.Paste B.Mask) (roundrect_rratio 0.25)
      (net 24 GND))
    (pad 1 smd roundrect (at -0.7875 0 90) (size 0.875 0.95) (layers B.Cu B.Paste B.Mask) (roundrect_rratio 0.25)
      (net 43 "Net-(C12-Pad1)"))
    (model ${KISYS3DMOD}/Capacitor_SMD.3dshapes/C_0603_1608Metric.wrl
      (at (xyz 0 0 0))
      (scale (xyz 1 1 1))
      (rotate (xyz 0 0 0))
    )
  )

  (module Capacitor_SMD:C_0603_1608Metric (layer B.Cu) (tedit 6273F0DF) (tstamp 62A564E8)
    (at 109.22 125.984 90)
    (descr "Capacitor SMD 0603 (1608 Metric), square (rectangular) end terminal, IPC_7351 nominal, (Body size source: http://www.tortai-tech.com/upload/download/2011102023233369053.pdf), generated with kicad-footprint-generator")
    (tags capacitor)
    (path /627C4FFD)
    (attr smd)
    (fp_text reference C14 (at -2.6035 -1.0795 90) (layer B.SilkS)
      (effects (font (size 0.8 0.8) (thickness 0.15)) (justify mirror))
    )
    (fp_text value 1u (at 0 -1.43 90) (layer B.Fab) hide
      (effects (font (size 1 1) (thickness 0.15)) (justify mirror))
    )
    (fp_line (start -0.8 -0.4) (end -0.8 0.4) (layer B.Fab) (width 0.1))
    (fp_line (start -0.8 0.4) (end 0.8 0.4) (layer B.Fab) (width 0.1))
    (fp_line (start 0.8 0.4) (end 0.8 -0.4) (layer B.Fab) (width 0.1))
    (fp_line (start 0.8 -0.4) (end -0.8 -0.4) (layer B.Fab) (width 0.1))
    (fp_line (start -0.162779 0.51) (end 0.162779 0.51) (layer B.SilkS) (width 0.12))
    (fp_line (start -0.162779 -0.51) (end 0.162779 -0.51) (layer B.SilkS) (width 0.12))
    (fp_line (start -1.48 -0.73) (end -1.48 0.73) (layer B.CrtYd) (width 0.05))
    (fp_line (start -1.48 0.73) (end 1.48 0.73) (layer B.CrtYd) (width 0.05))
    (fp_line (start 1.48 0.73) (end 1.48 -0.73) (layer B.CrtYd) (width 0.05))
    (fp_line (start 1.48 -0.73) (end -1.48 -0.73) (layer B.CrtYd) (width 0.05))
    (fp_text user %R (at 0 0 90) (layer B.Fab)
      (effects (font (size 0.4 0.4) (thickness 0.06)) (justify mirror))
    )
    (pad 1 smd roundrect (at -0.7875 0 90) (size 0.875 0.95) (layers B.Cu B.Paste B.Mask) (roundrect_rratio 0.25)
      (net 43 "Net-(C12-Pad1)"))
    (pad 2 smd roundrect (at 0.7875 0 90) (size 0.875 0.95) (layers B.Cu B.Paste B.Mask) (roundrect_rratio 0.25)
      (net 24 GND))
    (model ${KISYS3DMOD}/Capacitor_SMD.3dshapes/C_0603_1608Metric.wrl
      (at (xyz 0 0 0))
      (scale (xyz 1 1 1))
      (rotate (xyz 0 0 0))
    )
  )

  (module Capacitor_SMD:C_0603_1608Metric (layer F.Cu) (tedit 6273FBEF) (tstamp 6274C5C1)
    (at 106.0958 130.429 270)
    (descr "Capacitor SMD 0603 (1608 Metric), square (rectangular) end terminal, IPC_7351 nominal, (Body size source: http://www.tortai-tech.com/upload/download/2011102023233369053.pdf), generated with kicad-footprint-generator")
    (tags capacitor)
    (path /627EA1BB)
    (attr smd)
    (fp_text reference C16 (at 2.54 -0.0762 270) (layer F.SilkS)
      (effects (font (size 0.8 0.8) (thickness 0.15)))
    )
    (fp_text value 1u (at 0 1.43 270) (layer F.Fab) hide
      (effects (font (size 1 1) (thickness 0.15)))
    )
    (fp_text user %R (at 0 0 270) (layer F.Fab)
      (effects (font (size 0.4 0.4) (thickness 0.06)))
    )
    (fp_line (start 1.48 0.73) (end -1.48 0.73) (layer F.CrtYd) (width 0.05))
    (fp_line (start 1.48 -0.73) (end 1.48 0.73) (layer F.CrtYd) (width 0.05))
    (fp_line (start -1.48 -0.73) (end 1.48 -0.73) (layer F.CrtYd) (width 0.05))
    (fp_line (start -1.48 0.73) (end -1.48 -0.73) (layer F.CrtYd) (width 0.05))
    (fp_line (start -0.162779 0.51) (end 0.162779 0.51) (layer F.SilkS) (width 0.12))
    (fp_line (start -0.162779 -0.51) (end 0.162779 -0.51) (layer F.SilkS) (width 0.12))
    (fp_line (start 0.8 0.4) (end -0.8 0.4) (layer F.Fab) (width 0.1))
    (fp_line (start 0.8 -0.4) (end 0.8 0.4) (layer F.Fab) (width 0.1))
    (fp_line (start -0.8 -0.4) (end 0.8 -0.4) (layer F.Fab) (width 0.1))
    (fp_line (start -0.8 0.4) (end -0.8 -0.4) (layer F.Fab) (width 0.1))
    (pad 2 smd roundrect (at 0.7875 0 270) (size 0.875 0.95) (layers F.Cu F.Paste F.Mask) (roundrect_rratio 0.25)
      (net 27 +5V))
    (pad 1 smd roundrect (at -0.7875 0 270) (size 0.875 0.95) (layers F.Cu F.Paste F.Mask) (roundrect_rratio 0.25)
      (net 24 GND))
    (model ${KISYS3DMOD}/Capacitor_SMD.3dshapes/C_0603_1608Metric.wrl
      (at (xyz 0 0 0))
      (scale (xyz 1 1 1))
      (rotate (xyz 0 0 0))
    )
  )

  (module Capacitor_SMD:C_0603_1608Metric (layer B.Cu) (tedit 6273F0C4) (tstamp 62A5594E)
    (at 110.744 125.984 90)
    (descr "Capacitor SMD 0603 (1608 Metric), square (rectangular) end terminal, IPC_7351 nominal, (Body size source: http://www.tortai-tech.com/upload/download/2011102023233369053.pdf), generated with kicad-footprint-generator")
    (tags capacitor)
    (path /627C4A98)
    (attr smd)
    (fp_text reference C15 (at -2.667 1.0795 90) (layer B.SilkS)
      (effects (font (size 0.8 0.8) (thickness 0.15)) (justify mirror))
    )
    (fp_text value 1u (at 0 -1.43 90) (layer B.Fab) hide
      (effects (font (size 1 1) (thickness 0.15)) (justify mirror))
    )
    (fp_line (start -0.8 -0.4) (end -0.8 0.4) (layer B.Fab) (width 0.1))
    (fp_line (start -0.8 0.4) (end 0.8 0.4) (layer B.Fab) (width 0.1))
    (fp_line (start 0.8 0.4) (end 0.8 -0.4) (layer B.Fab) (width 0.1))
    (fp_line (start 0.8 -0.4) (end -0.8 -0.4) (layer B.Fab) (width 0.1))
    (fp_line (start -0.162779 0.51) (end 0.162779 0.51) (layer B.SilkS) (width 0.12))
    (fp_line (start -0.162779 -0.51) (end 0.162779 -0.51) (layer B.SilkS) (width 0.12))
    (fp_line (start -1.48 -0.73) (end -1.48 0.73) (layer B.CrtYd) (width 0.05))
    (fp_line (start -1.48 0.73) (end 1.48 0.73) (layer B.CrtYd) (width 0.05))
    (fp_line (start 1.48 0.73) (end 1.48 -0.73) (layer B.CrtYd) (width 0.05))
    (fp_line (start 1.48 -0.73) (end -1.48 -0.73) (layer B.CrtYd) (width 0.05))
    (fp_text user %R (at 0 0 90) (layer B.Fab)
      (effects (font (size 0.4 0.4) (thickness 0.06)) (justify mirror))
    )
    (pad 1 smd roundrect (at -0.7875 0 90) (size 0.875 0.95) (layers B.Cu B.Paste B.Mask) (roundrect_rratio 0.25)
      (net 43 "Net-(C12-Pad1)"))
    (pad 2 smd roundrect (at 0.7875 0 90) (size 0.875 0.95) (layers B.Cu B.Paste B.Mask) (roundrect_rratio 0.25)
      (net 24 GND))
    (model ${KISYS3DMOD}/Capacitor_SMD.3dshapes/C_0603_1608Metric.wrl
      (at (xyz 0 0 0))
      (scale (xyz 1 1 1))
      (rotate (xyz 0 0 0))
    )
  )

  (module Capacitor_SMD:C_0603_1608Metric (layer B.Cu) (tedit 6273EA60) (tstamp 62818289)
    (at 110.236 110.49)
    (descr "Capacitor SMD 0603 (1608 Metric), square (rectangular) end terminal, IPC_7351 nominal, (Body size source: http://www.tortai-tech.com/upload/download/2011102023233369053.pdf), generated with kicad-footprint-generator")
    (tags capacitor)
    (path /627B09F3)
    (attr smd)
    (fp_text reference C11 (at -2.794 0) (layer B.SilkS)
      (effects (font (size 0.8 0.8) (thickness 0.15)) (justify mirror))
    )
    (fp_text value 100n (at 0 -1.43) (layer B.Fab) hide
      (effects (font (size 1 1) (thickness 0.15)) (justify mirror))
    )
    (fp_text user %R (at 0 0) (layer B.Fab)
      (effects (font (size 0.4 0.4) (thickness 0.06)) (justify mirror))
    )
    (fp_line (start 1.48 -0.73) (end -1.48 -0.73) (layer B.CrtYd) (width 0.05))
    (fp_line (start 1.48 0.73) (end 1.48 -0.73) (layer B.CrtYd) (width 0.05))
    (fp_line (start -1.48 0.73) (end 1.48 0.73) (layer B.CrtYd) (width 0.05))
    (fp_line (start -1.48 -0.73) (end -1.48 0.73) (layer B.CrtYd) (width 0.05))
    (fp_line (start -0.162779 -0.51) (end 0.162779 -0.51) (layer B.SilkS) (width 0.12))
    (fp_line (start -0.162779 0.51) (end 0.162779 0.51) (layer B.SilkS) (width 0.12))
    (fp_line (start 0.8 -0.4) (end -0.8 -0.4) (layer B.Fab) (width 0.1))
    (fp_line (start 0.8 0.4) (end 0.8 -0.4) (layer B.Fab) (width 0.1))
    (fp_line (start -0.8 0.4) (end 0.8 0.4) (layer B.Fab) (width 0.1))
    (fp_line (start -0.8 -0.4) (end -0.8 0.4) (layer B.Fab) (width 0.1))
    (pad 2 smd roundrect (at 0.7875 0) (size 0.875 0.95) (layers B.Cu B.Paste B.Mask) (roundrect_rratio 0.25)
      (net 24 GND))
    (pad 1 smd roundrect (at -0.7875 0) (size 0.875 0.95) (layers B.Cu B.Paste B.Mask) (roundrect_rratio 0.25)
      (net 28 +3V3))
    (model ${KISYS3DMOD}/Capacitor_SMD.3dshapes/C_0603_1608Metric.wrl
      (at (xyz 0 0 0))
      (scale (xyz 1 1 1))
      (rotate (xyz 0 0 0))
    )
  )

  (module Capacitor_SMD:C_0603_1608Metric (layer B.Cu) (tedit 6273EA64) (tstamp 62A54CA0)
    (at 110.236 108.712)
    (descr "Capacitor SMD 0603 (1608 Metric), square (rectangular) end terminal, IPC_7351 nominal, (Body size source: http://www.tortai-tech.com/upload/download/2011102023233369053.pdf), generated with kicad-footprint-generator")
    (tags capacitor)
    (path /627B0857)
    (attr smd)
    (fp_text reference C10 (at -2.794 0) (layer B.SilkS)
      (effects (font (size 0.8 0.8) (thickness 0.15)) (justify mirror))
    )
    (fp_text value 1u (at 0 -1.43) (layer B.Fab) hide
      (effects (font (size 1 1) (thickness 0.15)) (justify mirror))
    )
    (fp_line (start -0.8 -0.4) (end -0.8 0.4) (layer B.Fab) (width 0.1))
    (fp_line (start -0.8 0.4) (end 0.8 0.4) (layer B.Fab) (width 0.1))
    (fp_line (start 0.8 0.4) (end 0.8 -0.4) (layer B.Fab) (width 0.1))
    (fp_line (start 0.8 -0.4) (end -0.8 -0.4) (layer B.Fab) (width 0.1))
    (fp_line (start -0.162779 0.51) (end 0.162779 0.51) (layer B.SilkS) (width 0.12))
    (fp_line (start -0.162779 -0.51) (end 0.162779 -0.51) (layer B.SilkS) (width 0.12))
    (fp_line (start -1.48 -0.73) (end -1.48 0.73) (layer B.CrtYd) (width 0.05))
    (fp_line (start -1.48 0.73) (end 1.48 0.73) (layer B.CrtYd) (width 0.05))
    (fp_line (start 1.48 0.73) (end 1.48 -0.73) (layer B.CrtYd) (width 0.05))
    (fp_line (start 1.48 -0.73) (end -1.48 -0.73) (layer B.CrtYd) (width 0.05))
    (fp_text user %R (at 0 0) (layer B.Fab)
      (effects (font (size 0.4 0.4) (thickness 0.06)) (justify mirror))
    )
    (pad 1 smd roundrect (at -0.7875 0) (size 0.875 0.95) (layers B.Cu B.Paste B.Mask) (roundrect_rratio 0.25)
      (net 28 +3V3))
    (pad 2 smd roundrect (at 0.7875 0) (size 0.875 0.95) (layers B.Cu B.Paste B.Mask) (roundrect_rratio 0.25)
      (net 24 GND))
    (model ${KISYS3DMOD}/Capacitor_SMD.3dshapes/C_0603_1608Metric.wrl
      (at (xyz 0 0 0))
      (scale (xyz 1 1 1))
      (rotate (xyz 0 0 0))
    )
  )

  (module Capacitor_SMD:C_0603_1608Metric (layer B.Cu) (tedit 6273F80F) (tstamp 62A571D7)
    (at 105.664 121.031 90)
    (descr "Capacitor SMD 0603 (1608 Metric), square (rectangular) end terminal, IPC_7351 nominal, (Body size source: http://www.tortai-tech.com/upload/download/2011102023233369053.pdf), generated with kicad-footprint-generator")
    (tags capacitor)
    (path /62790EBE)
    (attr smd)
    (fp_text reference C9 (at 2.2225 0.508 90) (layer B.SilkS)
